image: map.pgm
resolution: 0.050000
origin: [-0.928078, -16.734100, 0.000000]
negate: 0
occupied_thresh: 0.65
free_thresh: 0.196

